4582662943957
4580045306740
4589468445661
4582662975323
4582662907591
4589468450559
4582662915152
4582662915138
4582662940093
4589468445449
4582662942820
4582662907638
4582662916142
4582662918122
4589468445838
4582662905870
4582662988897
4582662975385
4582662907584
4582662914322
4582662927742
4589468449027
4974475911436
4582662905900
4582662914247
4582662913974
4582662926899
4582662946682
4582662906594
4582662906570
4582662980273
4582662915978
4589468454618
4974475888738
4589468447665
4582662987708
4589468448686
4582662929579
4974475888837
4582662916098
4582662927445
4974475918633
4974475911238
4582662922716
4582662912793
4589468453512
4970381673826
4974475918336
4582662985421
4582662927650
4582662906396
4582662927469
4589468452997
4582662946767
4974475922630
4582662985773
4589468450542
4974475933636
4970381672652
4589468454601
4582662975248
4582662927926
4582662927889
4589468451266
4582662987913
4582662927681
4582662928336
4589468450436
4582662943803
4582662943780
4582662943773
4582662989979
4582526803021
4582662922655
4582662949379
4582662982611
4582662949447
4582662972513
4979274974545
4570189186261
4582662985735
4974475865630
4582662988910
4974475865432
4979274973906
4582662987937
4979274974590
4979274974569
4589468452942
4582662949454
4582662949348
4979274974040
4582662972568
4582662984981
4582662979963
4582662985247
4582662988903
4589468453079
4548643167330
4582662949690
4582662914018
4994209126950
4582662989795
4582662928435
4582662949324
4582662949249
4582662907911
4979274668987
4570189186230
4582662949553
4582526802871
4589468446217
4570189186247
4994209126981
4589468453451
4570189186308
4979274974613
4979274974583
4979274974576
4979274973111
4582662914230
4589468455929
4589468453420
4589468453352
4979274659220
4970381637330
4570189184366
4582662946248
4582662989498
4589468456018
4979274659237
4548643167361
4582526799461
4582526799454
4979274657226
4548643167477
4901770687278
4570189184984
4548643173638
4901770687247
4979274658957
4589468453093
4570189186292
4570189184991
4548643167347
4548643167293
4901770687100
4589468456094
4548643167460
4945265359752
4589468455882
4945265359769
4550432199606
4582662956308
4582662956490
4582662956506
4582662956605
4582662956612
4991863509976
4991863509990
4991863510002
