4550432199606
4582662956308
4582662956490
4582662956506
4582662956605
4582662956612
4991863509976
4991863509990
49918635100024570189189354
4570189189361
4570189189378
4570189189385
4570189189392
4570189189408
4570189189415
4570189189422
4901770748795
4901770748801
4901770748818
4901770748825
4901770748832
4901770748610
4901770748627
4550432197008
4550432197015
4550432197022
4550432197039
4975201331825
4904810933861
4548387464337
4548387464344
4548387464351
4548387464368
4548387464375
4548387464382
4548387464399
4548387464405
4548387249095
4548387249101
4548387249118
4548387249125
4548387249132
4548387249149
4550311028164
4550311028171
4550311028423
4550311028430
4550310956277
4550310956307
4550310956314
4550311084481
4582664155099
4571609340072
4571609340102
4571609340119
4571609340126
4571609340133
4571609340140
4571609340164
4571609340171
4571609340188
4571609340195
4571609340201
4571609340218
4571609340225
4571609340232
4571609340249
4571609340256
4571609340263
4571609340270
4582664154252
4582664154276
4582664154269
4570189188951
4570189188982
4570189189019
4570189189040
4570189189057
4570189189064
4904810933328
4582339279235
4582339279242
4582339279259
4582339279266
4548598406584
4548598406591
4548598406607
4582662951532
4582662951549
4582662951556
4582662950559
4582662950566
4582662950856
4582662958531
4582662959293
4994209038642
4994209038666
4905114923190
4905114923251
4905114923268
4905114923275
4905114923282
4905114923299
4905114923060
4905114923107
4905114923114
4905114923121
4907953224315
4907953224322
4907953224339
4907953224346
4570118242662
4589684437235
4589684437242
4570118147523
4522327944851
4573256429834
4970381217310
4970381217327
4970381217334
4970381217341
4901770748511
4901770748528
4901770748535
4901770748542
4901770748559
4901770748566
4901770748573
4901770748580
4901770748597
4901770748603
4901770748634
4901770748641
4901770748658
4901770748665
4901770748672
4901770748689
4901770748696
4901770748702
4901770748719
4901770748726
4901770748733
4901770748740
4901770748757
4901770748764
4901770748771
4901770748788
4901770748849
4901770748856
4901770748863
4901770748870
4901367050508
4550311074871
4550311074888
4550311074895
4550311074901
4550311072419
4550311072426
4550311072396
4550311072402
4550376080411
4550376080428
4550376080435
4550376080442
4550376080459
4550376080466
4550376080473
4550376080480
4550376080497
4550376080503
4550376080510
4550376080527
4979750817519
4513750146349
4513750146356
4513750146363
4513750146370
4513750146387
4513750146394
4973307674372
4905959524989
4571609336815
4571609336822
4571609336839
4571609336846
4571609336853
4571609336860
4571609336877
4571609336884
4571609338611
4571609338628
4571609338635
4571609338642
4571609338659
4571609338666
4571609338673
4571609338680
4571609338697
4571609338703
4571609338710
4571609338727
4571609338734
4571609338741
4571609338758
4571609338765
4571609338772
4571609338789
4571609338796
4571609338802
4571609338819
4571609338826
4571609338833
4571609338840
4571609338857
4571609338864
4571609338871
4571609338888
4571609338895
4571609338901
4571609338918
4571609338925
4571609338932
4571609338949
4571609338956
4571609338963
4571609338970
4571609338987
4571609338994
4571609339007
4571609339014
4571609339021
4571609339045
4571609339069
4571609339083
4582662952201
4582662952218
4582662952225
4582662952232
4582662952249
4582662955837
4582662955844
4582662955851
4582662955868
4582662955875
4582662955882
4582662955899
4582662955905
4582662952256
4582662953642
4582662953659
4582662953666
4571609333692
4571609333708
4571609333678
4571609333685
4970381497552
4994209098790
4994209098776
4901770749617
4901770749624
4901770749655
4901770749662
4550311006438
4550311006445
4907953224308
4907953224292
4907953224285
4907953224278
4901770736303
4901770736297
4901770736280
4901770736259
4901770736242
4901770736235
4904810909804
4550213558257
4550213558240
4550213558233
4550213558226
4550213551470
4550213551463
4550213551456
4550213551289
4550213551272
4550213551265
4550213551258
4550213551241
4550213551234
4902923155781
4902923155347
4902923155361
4902923156153
4902923156177
4902923156146
4902923156160
4904810909811
4979274941141
4979274941134
4979274941127
4979274941110
4901770729268
4550432173644
4550432173637
4550432173620
4550432173613
4570189188265
4570189188258
4570189188241
4570189188234
4570189188227
4570189188210
4570189188203
4570189188197
4582662952751
4582662952744
4582662952737
4582662952720
4582662952713
4582662947191
4582662947184
4582662947177
4582662947160
4582662947153
4582662956858
4582662956841
4582662956797
4582662956780
4582662956773
4582662956766
4582662956759
4582662956742
4582662956681
4582662956674
4582662956667
4582662956735
4582662956728
4582662956711
4582662956704
4582662956636
4582662956629
4582662956391
4582662951587
4582662951570
4582662951563
4582339279303
4582339279297
4582339279280
4582339279273
4573256429810
4571609333753
4571609334170
4571609334163
4571609334071
4571609334156
4571609334149
4571609334088
4571609334033
4571609334040
4571609334187
4571609334194
4571609334057
4571609334064
4571609333999
4571609333982
4571609334125
4571609334132
4571609333968
4571609333975
4571609333951
4571609333821
4571609333807
4571609333814
4571609334019
4571609333760
4571609334262
4571609334002
4571609334026
4571609334231
4571609334255
4571609334248
4571609333944
4571609333937
4571609333920
4571609334101
4571609334118
4571609334095
4571609333906
4571609333913
4571609333890
4571609334217
4571609334200
4571609333883
4571609333876
4571609333838
4571609334224
4571609333869
4571609333852
4571609333845
4571609333791
4571609333777
4571609333784
4571609333661
4571609333654
4571609333647
4571609333630
4571609333593
4571609333623
4571609333616
4571609333609
4571609333722
4571609333715
4571609333739
4589684437198
4589684437150
4589684437112
4589684437075
4550310992930
4550311002188
4550311002171
4550311006810
4550311006384
4550311006377
4570198430188
4570198430171
4570198430164
4570198430157
4570198430140
4570198430133
4550213546926
4550213546919
4550213546902
4550213546896
4550213551401
4550213551395
4550213551388
4550213551371
4550432173484
4550432173477
4550432173460
4550432173453
4550432173446
4550432173439
4550432173422
4550432173415
4550432173408
4550432173392
4549660263265
4549660261629
4550310992985
4550310992978
4550310982436
4550310982429
4550310990592
4550310990585
4550310990578
4550310991803
4904810916697
4979750816697
4970381801281
4550432199613
4550432199606
4991863510002
4991863509990
4991863509976
4991863509969
4991863509983
4991863509952
4991863509945
4991863509938
4991863509921
4582662957282
4582662957275
4582662957268
4582662957251
4582662957244
4582662957237
4582662957220
4582662957213
4582662957206
4582662957190
4582662957183
4582662957176
4582662957169
4582662956551
4582662956544
4582662956537
4582662956520
4582662956513
4582662957428
4582662957411
4582662957404
4582662954540
4582662954533
4582662954526
4582662954519
4582662956308
4582662956292
4582662956285
4582662956278
4582662956261
4582662956254
4582662956247
4582662956230
4582662956698
4582662956896
4582662956889
4582662956872
4582662956865
4582662956650
4582662956643
4582662956599
4582662956582
4582662956575
4582662956568
4582662956384
4582662956377
4582662956360
4582662956353
4582662956346
4582662956339
4582662956322
4582662956315
4582662956810
4582662956803
4582662956612
4582662956605
4582662956506
4582662956490
4582662956483
4582662956476
4582662956469
4582662956452
4582662956445
4582662956438
4582662956421
4582662956414
4582662949843
4582662949836
4582662969834
4582662969841
4582662969858
4582662969865
4582662969872
4582662969889
4582662954762
4582662954755
4582662954748
4582662954731
4582662954724
4582662954717
4582662954700
4582662954694
4582662944329
4582662949874
4582662949867
4582662949850
4570189188074
4582664152531
4582664152524
4582664152517
4582664152500
4582664152470
4582664152487
4582664152494
4975430517861
4582662951594
4582662940345
4582664153439
